10.1101
12.045367
18.8188
21.154467
25.3253
27.660967
29.295933
31.898533
39.472767
40.707333
41.975267
43.5435
47.5475
48.515133
62.2622
80.3803
83.149733
91.3913
92.3923
94.2942
108.575133
129.2291
130.897433
134.5344
144.410933
146.146
162.228733
164.497667
169.536033
180.7806
195.028167
232.699133
250.5503
251.517933
252.485567
253.486567
254.320733
255.588667
259.7595
270.203267
289.656033
303.469833
306.039067
312.245267
313.4131
314.647667
315.581933
316.482833
318.1178
325.258267
342.0417
350.016333
354.020333
354.887867
357.323633
359.0587
371.9716
376.142433
377.9776
381.347633
391.657933
394.961233
396.329267
396.9966
397.9976
398.7984
399.4991
402.135067
402.268533
411.8114
418.484733
422.388633
424.690933
426.459367
428.795033
428.961867
431.0306
434.8344
442.508733
446.3459
467.5671
468.901767
473.206067
482.1817
487.6872
489.422267
490.0896
490.6902
493.726567
497.0966
498.064233
498.931767
509.775933
516.082233
517.550367
519.2187
520.653467
522.7222
535.7352
536.802933
545.711833
563.429533
565.898667
568.6681
583.549633
600.967033
604.5039
606.973033
614.547267
622.455167
624.690733
626.0254
627.159867
635.635
658.491167
659.091767
660.493167
675.441433
678.9783
682.848833
684.4838
700.7
702.968933
704.0033
709.6089
716.0153
721.153767
725.2245
728.728
728.8281
